testcases/one

Submission 1
(0)31 (1)27 (2)28 (3)43 (4)39 (5)24 (6)10 (7)43 (8)10 (9)43 (10)143 (11)47 (12)100 (13)101 (14)202 (15)209 (16)231 (17)9 (18)106 (19)114 (20)100 (21)100 (22)101 (23)143 (24)112 (25)101 (26)202 (27)114 (28)113 (29)102 (30)101 (31)113 (32)101 (33)101 (34)114 (35)113 (36)102 (37)114 (38)143 (39)100 (40)106 (41)106 (42)209 (43)231 (44)9 (45)100 (46)114 (47)143 (48)100 (49)106 (50)114 (51)100 (52)101 (53)106 (54)112 (55)101 (56)202 (57)114 (58)113 (59)102 (60)101 (61)114 (62)113 (63)102 (64)114 (65)100 (66)101 (67)106 (68)113 (69)102 (70)114 (71)100 (72)101 (73)106 (74)21 (75)43 (76)10 (77)43 (78)143 (79)202 (80)231 (81)9 (82)43 (83)100 (84)106 (85)209 (86)231 (87)9 (88)106 (89)114 (90)100 (91)100 (92)101 (93)143 (94)112 (95)101 (96)202 (97)115 (98)101 (99)114 (100)113 (101)101 (102)101 (103)113 (104)102 (105)101 (106)21 (107)43 (108)10 (109)202 (110)231 (111)9 (112)43 (113)100 (114)106 (115)209 (116)231 (117)9 (118)106 (119)114 (120)100 (121)100 (122)101 (123)143 (124)112 (125)101 (126)202 (127)115 (128)101 (129)114 (130)113 (131)100 (132)101 (133)113 (134)102 (135)101 (136)21 (137)43 (138)202 (139)214 (140)100 (141)102 (142)21 (143)43 (144)10 (145)202 (146)214 (147)113 (148)102 (149)101 (150)21 (151)43 (152)10 (153)202 (154)214 (155)113 (156)102 (157)101 (158)39 (159)6 (160)6 (161)43 (162)6 (163)43 (164)143 (165)6 (166)43 (167)143 (168)8 (169)10 (170)10 (171)202 (172)231 (173)9 (174)106 (175)231 (176)9 (177)103 (178)102 (179)100 (180)231 (181)9 (182)207 (183)114 (184)100 (185)101 (186)114 (187)100 (188)101 (189)106 (190)202 (191)114 (192)101 (193)114 (194)111 (195)114 (196)100 (197)101 (198)100 (199)101 (200)106 (201)116 (202)111 (203)114 (204)113 (205)100 (206)101 (207)101 (208)101 (209)114 (210)101 (211)100 (212)101 (213)114 (214)101 (215)114 (216)100 (217)101 (218)106 (219)214 (220)116 (221)111 (222)114 (223)113 (224)100 (225)101 (226)101 (227)101 (228)101 (229)116 (230)111 (231)114 (232)113 (233)100 (234)101 (235)101 (236)101 (237)101 (238)112 (239)106 (240)8 (241)10 (242)10 (243)10 (244)202 (245)231 (246)9 (247)106 (248)231 (249)9 (250)106 (251)231 (252)9 (253)106 (254)207 (255)114 (256)114 (257)101 (258)103 (259)102 (260)100 (261)101 (262)114 (263)101 (264)103 (265)102 (266)100 (267)101 (268)202 (269)205 (270)114 (271)113 (272)100 (273)101 (274)101 (275)113 (276)100 (277)101 (278)202 (279)114 (280)113 (281)100 (282)101 (283)101 (284)113 (285)100 (286)101 (287)112 (288)101 (289)202 (290)114 (291)113 (292)100 (293)101 (294)101 (295)113 (296)100 (297)101 (298)112 (299)101 (300)112 (301)101 (302)207 (303)114 (304)101 (305)103 (306)102 (307)100 (308)101 (309)202 (310)114 (311)113 (312)100 (313)101 (314)101 (315)113 (316)100 (317)101 (318)112 (319)101 (320)112 (321)101 (322)207 (323)114 (324)101 (325)103 (326)102 (327)100 (328)101 (329)202 (330)114 (331)113 (332)100 (333)101 (334)101 (335)113 (336)100 (337)101 (338)112 (339)101 (340)112 (341)101 (342)8 (343)10 (344)10 (345)202 (346)231 (347)9 (348)103 (349)102 (350)100 (351)205 (352)114 (353)100 (354)101 (355)106 (356)202 (357)214 (358)103 (359)101 (360)49 (361)103 (362)102 (363)100 (364)106 (365)114 (366)100 (367)101 (368)106 (369)103 (370)102 (371)100 (372)106 (373)114 (374)100 (375)101 (376)106 (377)103 (378)101 (379)49 (380)103 (381)102 (382)100 (383)114 (384)100 (385)101 (386)106 (387)103 (388)102 (389)100 (390)114 (391)100 (392)101 (393)106 (394)103 (395)101 (396)49 (397)103 (398)102 (399)100 (400)106 (401)114 (402)100 (403)101 (404)106 (405)103 (406)102 (407)100 (408)114 (409)100 (410)101 (411)106 (412)100 (413)8 (414)10 (415)202 (416)231 (417)9 (418)100 (419)100 (420)103 (421)101 (422)49 (423)103 (424)46 (425)45 (426)100 (427)103 (428)46 (429)45 (430)100 (431)8 (432)202 (433)231 (434)9 (435)100 (436)119 (437)106 (438)106 (439)106 (440)106 (441)106 (442)103 (443)101 (444)49 (445)100 (446)209 (447)231 (448)9 (449)106 (450)114 (451)101 (452)103 (453)102 (454)100 (455)101 (456)112 (457)101 (458)202 (459)114 (460)114 (461)101 (462)46 (463)113 (464)100 (465)101 (466)109 (467)100 (468)101 (469)46 (470)101 (471)46 (472)49 (473)214 (474)106 
Submission 2
(0)2 (1)6 (2)6 (3)6 (4)2 (5)44 (6)43 (7)6 (8)6 (9)8 (10)10 (11)10 (12)202 (13)231 (14)9 (15)106 (16)231 (17)9 (18)103 (19)102 (20)100 (21)231 (22)9 (23)207 (24)114 (25)100 (26)101 (27)114 (28)100 (29)101 (30)106 (31)202 (32)114 (33)101 (34)114 (35)111 (36)114 (37)100 (38)101 (39)100 (40)101 (41)106 (42)116 (43)111 (44)114 (45)113 (46)100 (47)101 (48)101 (49)101 (50)114 (51)101 (52)100 (53)101 (54)114 (55)101 (56)114 (57)100 (58)101 (59)106 (60)214 (61)116 (62)111 (63)114 (64)113 (65)100 (66)101 (67)101 (68)101 (69)101 (70)116 (71)111 (72)114 (73)113 (74)100 (75)101 (76)101 (77)101 (78)101 (79)112 (80)106 (81)8 (82)10 (83)10 (84)202 (85)231 (86)9 (87)106 (88)231 (89)9 (90)103 (91)102 (92)100 (93)231 (94)9 (95)207 (96)114 (97)100 (98)101 (99)100 (100)101 (101)202 (102)114 (103)101 (104)114 (105)111 (106)114 (107)100 (108)101 (109)100 (110)101 (111)106 (112)116 (113)111 (114)114 (115)113 (116)100 (117)101 (118)101 (119)101 (120)114 (121)101 (122)114 (123)100 (124)101 (125)106 (126)114 (127)101 (128)100 (129)101 (130)214 (131)100 (132)101 (133)8 (134)10 (135)10 (136)10 (137)202 (138)231 (139)9 (140)106 (141)231 (142)9 (143)106 (144)231 (145)9 (146)106 (147)207 (148)114 (149)114 (150)101 (151)103 (152)102 (153)100 (154)101 (155)114 (156)101 (157)103 (158)102 (159)100 (160)101 (161)202 (162)205 (163)114 (164)113 (165)100 (166)101 (167)101 (168)113 (169)100 (170)101 (171)202 (172)114 (173)113 (174)100 (175)101 (176)101 (177)113 (178)100 (179)101 (180)112 (181)101 (182)202 (183)114 (184)113 (185)100 (186)101 (187)101 (188)113 (189)100 (190)101 (191)112 (192)101 (193)112 (194)101 (195)207 (196)114 (197)101 (198)103 (199)102 (200)100 (201)101 (202)202 (203)114 (204)113 (205)100 (206)101 (207)101 (208)113 (209)100 (210)101 (211)112 (212)101 (213)112 (214)101 (215)207 (216)114 (217)101 (218)103 (219)102 (220)100 (221)101 (222)202 (223)114 (224)113 (225)100 (226)101 (227)101 (228)113 (229)100 (230)101 (231)112 (232)101 (233)112 (234)101 (235)8 (236)10 (237)10 (238)202 (239)231 (240)9 (241)103 (242)102 (243)100 (244)205 (245)114 (246)100 (247)101 (248)106 (249)202 (250)214 (251)103 (252)101 (253)49 (254)103 (255)102 (256)100 (257)106 (258)114 (259)100 (260)101 (261)106 (262)103 (263)102 (264)100 (265)106 (266)114 (267)100 (268)101 (269)106 (270)103 (271)101 (272)49 (273)103 (274)102 (275)100 (276)114 (277)100 (278)101 (279)106 (280)103 (281)102 (282)100 (283)114 (284)100 (285)101 (286)106 (287)103 (288)101 (289)49 (290)103 (291)102 (292)100 (293)106 (294)114 (295)100 (296)101 (297)106 (298)103 (299)102 (300)100 (301)114 (302)100 (303)101 (304)106 (305)100 (306)8 (307)10 (308)10 (309)202 (310)231 (311)9 (312)103 (313)102 (314)100 (315)205 (316)114 (317)100 (318)101 (319)106 (320)202 (321)214 (322)231 (323)9 (324)46 (325)43 (326)100 (327)100 (328)101 (329)103 (330)102 (331)100 (332)106 (333)114 (334)100 (335)101 (336)106 (337)103 (338)102 (339)100 (340)106 (341)114 (342)100 (343)101 (344)106 (345)103 (346)101 (347)49 (348)103 (349)102 (350)100 (351)114 (352)100 (353)101 (354)106 (355)103 (356)102 (357)100 (358)114 (359)100 (360)101 (361)106 (362)103 (363)102 (364)101 (365)103 (366)101 (367)49 (368)103 (369)102 (370)100 (371)106 (372)114 (373)100 (374)101 (375)106 (376)103 (377)102 (378)100 (379)114 (380)100 (381)101 (382)106 (383)100 (384)8 (385)10 (386)202 (387)231 (388)9 (389)100 (390)100 (391)231 (392)9 (393)100 (394)100 (395)231 (396)9 (397)100 (398)100 (399)231 (400)9 (401)46 (402)43 (403)100 (404)100 (405)101 (406)103 (407)102 (408)100 (409)106 (410)114 (411)103 (412)102 (413)100 (414)106 (415)103 (416)102 (417)100 (418)106 (419)114 (420)103 (421)102 (422)100 (423)106 (424)103 (425)101 (426)49 (427)103 (428)102 (429)100 (430)114 (431)103 (432)102 (433)100 (434)106 (435)103 (436)102 (437)100 (438)114 (439)103 (440)102 (441)100 (442)106 (443)103 (444)102 (445)101 (446)103 (447)101 (448)49 (449)103 (450)102 (451)100 (452)106 (453)114 (454)103 (455)102 (456)100 (457)106 (458)103 (459)102 (460)100 (461)114 (462)103 (463)102 (464)100 (465)106 (466)100 (467)8 (468)202 (469)231 (470)9 (471)100 (472)119 (473)106 (474)106 (475)106 (476)106 (477)106 (478)106 (479)106 (480)106 (481)106 (482)106 (483)103 (484)101 (485)49 (486)100 (487)209 (488)231 (489)9 (490)106 (491)114 (492)101 (493)103 (494)102 (495)100 (496)101 (497)112 (498)101 (499)202 (500)114 (501)114 (502)101 (503)46 (504)113 (505)100 (506)101 (507)109 (508)100 (509)101 (510)46 (511)101 (512)46 (513)49 (514)209 (515)231 (516)9 (517)106 (518)114 (519)100 (520)101 (521)106 (522)112 (523)101 (524)202 (525)103 (526)100 (527)101 (528)100 (529)109 (530)214 (531)106 

Marks: 1 0.344828 0 9.18848e-08 0.289664

testcases/two

Submission 1
(0)34 (1)46 (2)8 (3)10 (4)202 (5)214 (6)111 (7)114 (8)114 (9)100 (10)101 (11)107 (12)114 (13)100 (14)101 (15)112 (16)107 (17)8 (18)10 (19)10 (20)202 (21)214 (22)111 (23)114 (24)114 (25)114 (26)100 (27)101 (28)100 (29)101 (30)114 (31)100 (32)101 (33)107 (34)114 (35)114 (36)100 (37)101 (38)100 (39)101 (40)114 (41)100 (42)101 (43)107 (44)8 (45)10 (46)10 (47)10 (48)10 (49)10 (50)10 (51)202 (52)231 (53)9 (54)100 (55)106 (56)115 (57)101 (58)114 (59)100 (60)101 (61)111 (62)114 (63)100 (64)101 (65)100 (66)101 (67)115 (68)101 (69)114 (70)100 (71)101 (72)111 (73)114 (74)100 (75)101 (76)100 (77)101 (78)115 (79)101 (80)114 (81)100 (82)101 (83)111 (84)114 (85)100 (86)101 (87)100 (88)101 (89)214 (90)100 (91)101 (92)8 (93)10 (94)10 (95)10 (96)10 (97)202 (98)231 (99)9 (100)113 (101)113 (102)100 (103)101 (104)106 (105)9 (106)113 (107)113 (108)100 (109)114 (110)100 (111)101 (112)106 (113)106 (114)231 (115)9 (116)113 (117)113 (118)100 (119)101 (120)106 (121)9 (122)113 (123)113 (124)100 (125)114 (126)100 (127)101 (128)106 (129)106 (130)231 (131)9 (132)113 (133)113 (134)100 (135)106 (136)106 (137)9 (138)113 (139)113 (140)100 (141)106 (142)106 (143)231 (144)9 (145)103 (146)102 (147)100 (148)205 (149)114 (150)103 (151)100 (152)101 (153)100 (154)101 (155)100 (156)101 (157)103 (158)100 (159)101 (160)100 (161)101 (162)100 (163)101 (164)214 (165)106 (166)231 (167)9 (168)103 (169)100 (170)101 (171)100 (172)101 (173)100 (174)101 (175)100 (176)101 (177)100 (178)101 (179)100 (180)101 (181)100 (182)101 (183)231 (184)9 (185)114 (186)100 (187)101 (188)103 (189)100 (190)101 (191)100 (192)101 (193)100 (194)101 (195)100 (196)101 (197)100 (198)101 (199)100 (200)101 (201)100 (202)101 (203)231 (204)9 (205)114 (206)100 (207)101 (208)103 (209)100 (210)101 (211)100 (212)101 (213)100 (214)101 (215)100 (216)101 (217)100 (218)101 (219)100 (220)101 (221)100 (222)101 (223)231 (224)9 (225)114 (226)100 (227)101 (228)103 (229)100 (230)101 (231)100 (232)101 (233)100 (234)101 (235)100 (236)101 (237)100 (238)101 (239)100 (240)101 (241)100 (242)101 (243)205 (244)114 (245)100 (246)101 (247)100 (248)106 (249)214 (250)106 (251)205 (252)103 (253)100 (254)101 (255)100 (256)101 (257)202 (258)231 (259)9 (260)116 (261)111 (262)103 (263)100 (264)101 (265)100 (266)101 (267)100 (268)101 (269)114 (270)101 (271)114 (272)111 (273)114 (274)100 (275)101 (276)100 (277)101 (278)111 (279)114 (280)100 (281)101 (282)100 (283)101 (284)114 (285)101 (286)114 (287)111 (288)114 (289)100 (290)101 (291)100 (292)101 (293)111 (294)114 (295)100 (296)101 (297)100 (298)101 (299)205 (300)114 (301)114 (302)100 (303)101 (304)100 (305)106 (306)114 (307)100 (308)101 (309)100 (310)106 (311)202 (312)214 (313)106 (314)214 (315)106 (316)205 (317)114 (318)114 (319)103 (320)100 (321)101 (322)100 (323)101 (324)114 (325)100 (326)101 (327)106 (328)114 (329)100 (330)101 (331)100 (332)106 (333)214 (334)106 (335)205 (336)114 (337)114 (338)103 (339)100 (340)101 (341)100 (342)101 (343)114 (344)100 (345)101 (346)114 (347)100 (348)101 (349)106 (350)114 (351)100 (352)101 (353)100 (354)106 (355)214 (356)106 (357)205 (358)114 (359)114 (360)100 (361)101 (362)100 (363)106 (364)114 (365)100 (366)101 (367)100 (368)106 (369)202 (370)214 (371)112 (372)106 (373)205 (374)114 (375)100 (376)101 (377)100 (378)106 (379)202 (380)205 (381)114 (382)100 (383)101 (384)106 (385)202 (386)214 (387)106 (388)202 (389)205 (390)114 (391)100 (392)101 (393)100 (394)106 (395)214 (396)106 (397)214 (398)106 (399)205 (400)114 (401)100 (402)101 (403)100 (404)106 (405)202 (406)205 (407)114 (408)100 (409)101 (410)114 (411)100 (412)101 (413)106 (414)202 (415)214 (416)106 (417)202 (418)205 (419)114 (420)100 (421)101 (422)100 (423)106 (424)214 (425)106 (426)214 (427)106 (428)214 (429)106 (430)8 (431)10 (432)10 (433)10 (434)202 (435)231 (436)9 (437)103 (438)102 (439)100 (440)231 (441)9 (442)106 (443)231 (444)9 (445)114 (446)100 (447)101 (448)106 (449)231 (450)9 (451)114 (452)111 (453)114 (454)100 (455)101 (456)100 (457)101 (458)106 (459)207 (460)114 (461)100 (462)101 (463)100 (464)101 (465)202 (466)231 (467)9 (468)205 (469)114 (470)100 (471)101 (472)106 (473)214 (474)106 (475)205 (476)114 (477)100 (478)101 (479)106 (480)214 (481)106 (482)205 (483)114 (484)100 (485)101 (486)112 (487)106 (488)214 (489)112 (490)106 (491)205 (492)114 (493)100 (494)101 (495)106 (496)202 (497)114 (498)101 (499)100 (500)101 (501)114 (502)101 (503)114 (504)111 (505)114 (506)100 (507)101 (508)100 (509)101 (510)106 (511)205 (512)114 (513)100 (514)101 (515)106 (516)202 (517)114 (518)101 (519)100 (520)101 (521)114 (522)101 (523)114 (524)111 (525)114 (526)100 (527)101 (528)100 (529)101 (530)106 (531)214 (532)106 (533)8 (534)202 (535)103 (536)100 (537)101 (538)101 (539)49 (540)101 (541)49 (542)109 (543)231 (544)9 (545)100 (546)101 (547)101 (548)100 (549)101 (550)101 (551)49 (552)231 (553)9 (554)100 (555)100 (556)101 (557)209 (558)231 (559)9 (560)106 (561)114 (562)100 (563)101 (564)100 (565)101 (566)112 (567)101 (568)202 (569)103 (570)103 (571)100 (572)101 (573)109 (574)101 (575)49 (576)114 (577)100 (578)101 (579)106 (580)101 (581)49 (582)109 (583)103 (584)103 (585)101 (586)101 (587)49 (588)113 (589)113 (590)100 (591)101 (592)106 (593)101 (594)49 (595)113 (596)113 (597)100 (598)101 (599)106 (600)100 (601)101 (602)101 (603)49 (604)207 (605)130 (606)202 (607)231 (608)9 (609)9 (610)100 (611)101 (612)109 (613)103 (614)100 (615)101 (616)101 (617)101 (618)49 (619)101 (620)231 (621)9 (622)205 (623)114 (624)100 (625)101 (626)112 (627)106 (628)202 (629)103 (630)103 (631)103 (632)103 (633)103 (634)100 (635)101 (636)109 (637)101 (638)49 (639)101 (640)101 (641)49 (642)109 (643)101 (644)49 (645)101 (646)101 (647)49 (648)109 (649)101 (650)49 (651)101 (652)49 (653)205 (654)114 (655)100 (656)101 (657)106 (658)202 (659)103 (660)103 (661)103 (662)103 (663)103 (664)100 (665)101 (666)109 (667)101 (668)49 (669)101 (670)101 (671)49 (672)109 (673)101 (674)49 (675)101 (676)101 (677)49 (678)109 (679)101 (680)49 (681)101 (682)49 (683)205 (684)114 (685)100 (686)101 (687)106 (688)202 (689)103 (690)103 (691)103 (692)103 (693)103 (694)100 (695)101 (696)109 (697)101 (698)49 (699)101 (700)101 (701)49 (702)109 (703)101 (704)49 (705)101 (706)101 (707)49 (708)109 (709)101 (710)49 (711)101 (712)49 (713)231 (714)9 (715)106 (716)100 (717)101 (718)109 (719)100 (720)101 (721)101 (722)205 (723)100 (724)100 (725)101 (726)202 (727)100 (728)101 (729)101 (730)49 (731)212 (732)202 (733)103 (734)103 (735)103 (736)100 (737)101 (738)101 (739)49 (740)101 (741)49 (742)109 (743)101 (744)49 (745)101 (746)49 (747)101 (748)49 (749)101 (750)49 (751)213 
Submission 2
(0)34 (1)46 (2)8 (3)10 (4)202 (5)214 (6)111 (7)114 (8)114 (9)100 (10)101 (11)107 (12)114 (13)100 (14)101 (15)112 (16)107 (17)8 (18)10 (19)10 (20)202 (21)214 (22)111 (23)114 (24)114 (25)114 (26)100 (27)101 (28)100 (29)101 (30)114 (31)100 (32)101 (33)107 (34)114 (35)114 (36)100 (37)101 (38)100 (39)101 (40)114 (41)100 (42)101 (43)107 (44)8 (45)10 (46)10 (47)10 (48)10 (49)10 (50)10 (51)202 (52)231 (53)9 (54)100 (55)106 (56)115 (57)101 (58)114 (59)100 (60)101 (61)111 (62)114 (63)100 (64)101 (65)100 (66)101 (67)115 (68)101 (69)114 (70)100 (71)101 (72)111 (73)114 (74)100 (75)101 (76)100 (77)101 (78)115 (79)101 (80)114 (81)100 (82)101 (83)111 (84)114 (85)100 (86)101 (87)100 (88)101 (89)214 (90)100 (91)101 (92)8 (93)10 (94)10 (95)10 (96)10 (97)202 (98)231 (99)9 (100)113 (101)113 (102)100 (103)101 (104)106 (105)9 (106)113 (107)113 (108)100 (109)114 (110)100 (111)101 (112)106 (113)106 (114)231 (115)9 (116)113 (117)113 (118)100 (119)101 (120)106 (121)9 (122)113 (123)113 (124)100 (125)114 (126)100 (127)101 (128)106 (129)106 (130)231 (131)9 (132)113 (133)113 (134)100 (135)106 (136)106 (137)9 (138)113 (139)113 (140)100 (141)106 (142)106 (143)231 (144)9 (145)103 (146)102 (147)100 (148)205 (149)114 (150)103 (151)100 (152)101 (153)100 (154)101 (155)100 (156)101 (157)103 (158)100 (159)101 (160)100 (161)101 (162)100 (163)101 (164)214 (165)106 (166)231 (167)9 (168)103 (169)100 (170)101 (171)100 (172)101 (173)100 (174)101 (175)100 (176)101 (177)100 (178)101 (179)100 (180)101 (181)100 (182)101 (183)231 (184)9 (185)114 (186)100 (187)101 (188)103 (189)100 (190)101 (191)100 (192)101 (193)100 (194)101 (195)100 (196)101 (197)100 (198)101 (199)100 (200)101 (201)100 (202)101 (203)231 (204)9 (205)114 (206)100 (207)101 (208)103 (209)100 (210)101 (211)100 (212)101 (213)100 (214)101 (215)100 (216)101 (217)100 (218)101 (219)100 (220)101 (221)100 (222)101 (223)231 (224)9 (225)114 (226)100 (227)101 (228)103 (229)100 (230)101 (231)100 (232)101 (233)100 (234)101 (235)100 (236)101 (237)100 (238)101 (239)100 (240)101 (241)100 (242)101 (243)205 (244)114 (245)100 (246)101 (247)100 (248)106 (249)214 (250)106 (251)205 (252)103 (253)100 (254)101 (255)100 (256)101 (257)202 (258)231 (259)9 (260)116 (261)111 (262)103 (263)100 (264)101 (265)100 (266)101 (267)100 (268)101 (269)114 (270)101 (271)114 (272)111 (273)114 (274)100 (275)101 (276)100 (277)101 (278)111 (279)114 (280)100 (281)101 (282)100 (283)101 (284)114 (285)101 (286)114 (287)111 (288)114 (289)100 (290)101 (291)100 (292)101 (293)111 (294)114 (295)100 (296)101 (297)100 (298)101 (299)205 (300)114 (301)114 (302)100 (303)101 (304)100 (305)106 (306)114 (307)100 (308)101 (309)100 (310)106 (311)202 (312)214 (313)106 (314)214 (315)106 (316)205 (317)114 (318)114 (319)103 (320)100 (321)101 (322)100 (323)101 (324)114 (325)100 (326)101 (327)106 (328)114 (329)100 (330)101 (331)100 (332)106 (333)214 (334)106 (335)205 (336)114 (337)114 (338)103 (339)100 (340)101 (341)100 (342)101 (343)114 (344)100 (345)101 (346)114 (347)100 (348)101 (349)106 (350)114 (351)100 (352)101 (353)100 (354)106 (355)214 (356)106 (357)205 (358)114 (359)114 (360)100 (361)101 (362)100 (363)106 (364)114 (365)100 (366)101 (367)100 (368)106 (369)202 (370)214 (371)112 (372)106 (373)205 (374)114 (375)100 (376)101 (377)100 (378)106 (379)202 (380)205 (381)114 (382)100 (383)101 (384)106 (385)202 (386)214 (387)106 (388)202 (389)205 (390)114 (391)100 (392)101 (393)100 (394)106 (395)214 (396)106 (397)214 (398)106 (399)205 (400)114 (401)100 (402)101 (403)100 (404)106 (405)202 (406)205 (407)114 (408)100 (409)101 (410)114 (411)100 (412)101 (413)106 (414)202 (415)214 (416)106 (417)202 (418)205 (419)114 (420)100 (421)101 (422)100 (423)106 (424)214 (425)106 (426)214 (427)106 (428)214 (429)106 (430)8 (431)10 (432)10 (433)10 (434)202 (435)231 (436)9 (437)103 (438)102 (439)100 (440)231 (441)9 (442)106 (443)231 (444)9 (445)114 (446)100 (447)101 (448)106 (449)231 (450)9 (451)114 (452)111 (453)114 (454)100 (455)101 (456)100 (457)101 (458)106 (459)207 (460)114 (461)100 (462)101 (463)100 (464)101 (465)202 (466)231 (467)9 (468)205 (469)114 (470)100 (471)101 (472)106 (473)214 (474)106 (475)205 (476)114 (477)100 (478)101 (479)106 (480)214 (481)106 (482)205 (483)114 (484)100 (485)101 (486)112 (487)106 (488)214 (489)112 (490)106 (491)205 (492)114 (493)100 (494)101 (495)106 (496)202 (497)114 (498)101 (499)100 (500)101 (501)114 (502)101 (503)114 (504)111 (505)114 (506)100 (507)101 (508)100 (509)101 (510)106 (511)205 (512)114 (513)100 (514)101 (515)106 (516)202 (517)114 (518)101 (519)100 (520)101 (521)114 (522)101 (523)114 (524)111 (525)114 (526)100 (527)101 (528)100 (529)101 (530)106 (531)214 (532)106 (533)8 (534)202 (535)103 (536)100 (537)101 (538)101 (539)49 (540)101 (541)49 (542)109 (543)231 (544)9 (545)100 (546)101 (547)101 (548)100 (549)101 (550)101 (551)49 (552)231 (553)9 (554)100 (555)100 (556)101 (557)209 (558)231 (559)9 (560)106 (561)114 (562)100 (563)101 (564)100 (565)101 (566)112 (567)101 (568)202 (569)103 (570)103 (571)100 (572)101 (573)109 (574)101 (575)49 (576)114 (577)100 (578)101 (579)106 (580)101 (581)49 (582)109 (583)103 (584)103 (585)101 (586)101 (587)49 (588)113 (589)113 (590)100 (591)101 (592)106 (593)101 (594)49 (595)113 (596)113 (597)100 (598)101 (599)106 (600)100 (601)101 (602)101 (603)49 (604)207 (605)130 (606)202 (607)231 (608)9 (609)9 (610)100 (611)101 (612)109 (613)103 (614)100 (615)101 (616)101 (617)101 (618)49 (619)101 (620)231 (621)9 (622)205 (623)114 (624)100 (625)101 (626)112 (627)106 (628)202 (629)103 (630)103 (631)103 (632)103 (633)103 (634)100 (635)101 (636)109 (637)101 (638)49 (639)101 (640)101 (641)49 (642)109 (643)101 (644)49 (645)101 (646)101 (647)49 (648)109 (649)101 (650)49 (651)101 (652)49 (653)205 (654)114 (655)100 (656)101 (657)106 (658)202 (659)103 (660)103 (661)103 (662)103 (663)103 (664)100 (665)101 (666)109 (667)101 (668)49 (669)101 (670)101 (671)49 (672)109 (673)101 (674)49 (675)101 (676)101 (677)49 (678)109 (679)101 (680)49 (681)101 (682)49 (683)205 (684)114 (685)100 (686)101 (687)106 (688)202 (689)103 (690)103 (691)103 (692)103 (693)103 (694)100 (695)101 (696)109 (697)101 (698)49 (699)101 (700)101 (701)49 (702)109 (703)101 (704)49 (705)101 (706)101 (707)49 (708)109 (709)101 (710)49 (711)101 (712)49 (713)231 (714)9 (715)106 (716)100 (717)101 (718)109 (719)100 (720)101 (721)101 (722)205 (723)100 (724)100 (725)101 (726)202 (727)100 (728)101 (729)101 (730)49 (731)212 (732)202 (733)103 (734)103 (735)103 (736)100 (737)101 (738)101 (739)49 (740)101 (741)49 (742)109 (743)101 (744)49 (745)101 (746)49 (747)101 (748)49 (749)101 (750)49 (751)213 

Marks: 0 0.930851 0 1 1

testcases/three

Submission 1
(0)2 (1)6 (2)46 (3)45 (4)43 (5)6 (6)46 (7)45 (8)43 (9)6 (10)8 (11)10 (12)46 (13)45 (14)43 (15)10 (16)10 (17)202 (18)205 (19)112 (20)100 (21)214 (22)130 (23)205 (24)114 (25)114 (26)102 (27)100 (28)101 (29)101 (30)114 (31)102 (32)100 (33)101 (34)214 (35)130 (36)205 (37)112 (38)103 (39)101 (40)49 (41)102 (42)100 (43)101 (44)102 (45)100 (46)214 (47)130 (48)205 (49)112 (50)103 (51)101 (52)49 (53)102 (54)100 (55)102 (56)100 (57)101 (58)214 (59)130 (60)214 (61)130 (62)4 (63)24 (64)10 (65)46 (66)45 (67)43 (68)10 (69)47 (70)100 (71)101 (72)202 (73)21 (74)202 (75)205 (76)112 (77)103 (78)101 (79)49 (80)100 (81)132 (82)214 (83)130 (84)231 (85)9 (86)130 (87)209 (88)231 (89)9 (90)106 (91)114 (92)100 (93)101 (94)100 (95)102 (96)132 (97)112 (98)101 (99)202 (100)114 (101)101 (102)114 (103)101 (104)103 (105)102 (106)132 (107)100 (108)132 (109)101 (110)106 (111)114 (112)101 (113)114 (114)101 (115)103 (116)102 (117)132 (118)100 (119)132 (120)101 (121)106 (122)214 (123)100 (124)101 (125)25 (126)202 (127)39 (128)21 (129)10 (130)46 (131)45 (132)43 (133)10 (134)10 (135)202 (136)205 (137)112 (138)100 (139)214 (140)111 (141)114 (142)100 (143)101 (144)106 (145)205 (146)114 (147)114 (148)114 (149)103 (150)102 (151)100 (152)132 (153)100 (154)103 (155)102 (156)100 (157)132 (158)114 (159)103 (160)102 (161)113 (162)100 (163)132 (164)100 (165)101 (166)103 (167)102 (168)113 (169)100 (170)132 (171)100 (172)114 (173)113 (174)113 (175)113 (176)100 (177)132 (178)100 (179)101 (180)101 (181)112 (182)106 (183)202 (184)214 (185)124 (186)113 (187)113 (188)113 (189)100 (190)132 (191)100 (192)101 (193)101 (194)205 (195)114 (196)103 (197)102 (198)113 (199)100 (200)132 (201)100 (202)101 (203)103 (204)102 (205)113 (206)100 (207)132 (208)100 (209)202 (210)114 (211)113 (212)113 (213)113 (214)100 (215)132 (216)100 (217)101 (218)106 (219)124 (220)100 (221)112 (222)106 (223)114 (224)113 (225)113 (226)113 (227)100 (228)132 (229)100 (230)101 (231)106 (232)124 (233)100 (234)112 (235)106 (236)231 (237)9 (238)130 (239)205 (240)114 (241)100 (242)101 (243)106 (244)202 (245)114 (246)101 (247)103 (248)102 (249)132 (250)102 (251)100 (252)114 (253)100 (254)101 (255)106 (256)106 (257)114 (258)101 (259)114 (260)101 (261)103 (262)102 (263)132 (264)102 (265)100 (266)114 (267)100 (268)101 (269)106 (270)106 (271)114 (272)101 (273)114 (274)101 (275)103 (276)102 (277)132 (278)102 (279)100 (280)114 (281)100 (282)101 (283)106 (284)106 (285)114 (286)101 (287)114 (288)101 (289)103 (290)102 (291)132 (292)102 (293)100 (294)114 (295)100 (296)101 (297)106 (298)106 (299)202 (300)114 (301)101 (302)103 (303)102 (304)132 (305)102 (306)100 (307)101 (308)106 (309)114 (310)101 (311)114 (312)101 (313)103 (314)102 (315)132 (316)102 (317)100 (318)101 (319)106 (320)114 (321)113 (322)113 (323)113 (324)100 (325)132 (326)100 (327)101 (328)101 (329)124 (330)100 (331)100 (332)101 (333)214 (334)100 (335)101 (336)6 (337)6 (338)46 (339)45 (340)43 (341)6 (342)106 
Submission 2
(0)2 (1)6 (2)46 (3)45 (4)43 (5)6 (6)46 (7)45 (8)43 (9)6 (10)8 (11)10 (12)46 (13)45 (14)43 (15)10 (16)10 (17)202 (18)205 (19)112 (20)100 (21)214 (22)130 (23)205 (24)114 (25)114 (26)102 (27)100 (28)101 (29)101 (30)114 (31)102 (32)100 (33)101 (34)214 (35)130 (36)205 (37)112 (38)103 (39)101 (40)49 (41)102 (42)100 (43)101 (44)102 (45)100 (46)214 (47)130 (48)205 (49)112 (50)103 (51)101 (52)49 (53)102 (54)100 (55)102 (56)100 (57)101 (58)214 (59)130 (60)214 (61)130 (62)4 (63)24 (64)10 (65)46 (66)45 (67)43 (68)10 (69)47 (70)100 (71)101 (72)202 (73)21 (74)202 (75)205 (76)112 (77)103 (78)101 (79)49 (80)100 (81)132 (82)214 (83)130 (84)209 (85)231 (86)9 (87)106 (88)114 (89)100 (90)101 (91)100 (92)102 (93)132 (94)112 (95)101 (96)202 (97)205 (98)114 (99)103 (100)102 (101)132 (102)100 (103)132 (104)101 (105)106 (106)103 (107)102 (108)132 (109)100 (110)132 (111)101 (112)106 (113)202 (114)214 (115)130 (116)214 (117)130 (118)25 (119)202 (120)39 (121)21 (122)10 (123)46 (124)45 (125)43 (126)10 (127)10 (128)202 (129)205 (130)112 (131)100 (132)214 (133)111 (134)114 (135)100 (136)101 (137)106 (138)205 (139)114 (140)114 (141)114 (142)103 (143)102 (144)100 (145)132 (146)100 (147)103 (148)102 (149)100 (150)132 (151)114 (152)103 (153)102 (154)113 (155)100 (156)132 (157)100 (158)101 (159)103 (160)102 (161)113 (162)100 (163)132 (164)100 (165)114 (166)113 (167)113 (168)113 (169)100 (170)132 (171)100 (172)101 (173)101 (174)112 (175)106 (176)202 (177)214 (178)113 (179)113 (180)113 (181)100 (182)132 (183)100 (184)101 (185)101 (186)205 (187)114 (188)103 (189)102 (190)113 (191)100 (192)132 (193)100 (194)101 (195)103 (196)102 (197)113 (198)100 (199)132 (200)100 (201)202 (202)114 (203)113 (204)113 (205)100 (206)132 (207)100 (208)101 (209)100 (210)119 (211)112 (212)106 (213)112 (214)106 (215)231 (216)9 (217)130 (218)231 (219)9 (220)130 (221)205 (222)114 (223)100 (224)101 (225)106 (226)202 (227)114 (228)101 (229)103 (230)102 (231)132 (232)102 (233)100 (234)114 (235)100 (236)101 (237)106 (238)106 (239)114 (240)101 (241)114 (242)101 (243)103 (244)102 (245)132 (246)102 (247)100 (248)114 (249)100 (250)101 (251)106 (252)106 (253)114 (254)101 (255)114 (256)101 (257)103 (258)102 (259)132 (260)102 (261)100 (262)114 (263)100 (264)101 (265)106 (266)106 (267)114 (268)101 (269)114 (270)101 (271)103 (272)102 (273)132 (274)102 (275)100 (276)114 (277)100 (278)101 (279)106 (280)106 (281)202 (282)114 (283)101 (284)103 (285)102 (286)132 (287)102 (288)100 (289)101 (290)106 (291)114 (292)101 (293)114 (294)101 (295)103 (296)102 (297)132 (298)102 (299)100 (300)101 (301)106 (302)114 (303)113 (304)113 (305)113 (306)100 (307)132 (308)100 (309)101 (310)101 (311)114 (312)100 (313)101 (314)100 (315)101 (316)214 (317)124 (318)113 (319)113 (320)113 (321)100 (322)132 (323)100 (324)101 (325)101 (326)6 (327)6 (328)46 (329)45 (330)43 (331)6 (332)106 

Marks: 0 0.523077 0 0.00328427 0.00328427

